13000545700325
13000545700333
13000545700341
13000545700358
13000545700366
13000545700374
13000545700382
13000545700390
13000545700408
13000545700416
13000545700424
13000545700432
13000545700440
13000545700457
13000545700465
13000545700473
13000545700481
13000545700499
13000545700507
13000545700515
13000545700523
13000545700531
13000545700549
13000545700556
13000545700564
13000545700572
13000545700580
13000545700598
13000545700606
13000545700614
13000545700622
13000545700630
13000545700648
13000545700655
13000545700663
13000545700671
13000545700689
13000545700697
13000545700705
13000545700713
13000545700721
13000545700739
13000545700747
13000545700754
13000545700762
13000545700770
13000545700788
13000545700796
13000545700804
13000545700812
13000545700820
13000546500013
13000546500021
13000546500039
13000546500047
13000546500054
13000546500062
13000547300017
13000548100010
13000548100028
13000548100036
13000548100044
13000548100051
13000548100069
13000548100077
13000548100085
13000548100093
13000548100101
13000548100119
13000548100127
13000548100135
13000548100143
13000548100150
13000548100168
13000548100176
13000548100184
13000548100192
13000548100200
13000548100218
13000548100226
13000548100234
13000548100242
13000548100259
13000548100267
13000548100275
13000548100283
13000548100291
13000548100309
13000548100317
13000548100325
13000548100333
13000548100341
13000548100358
13000548100366
13000548100374
13000548100382
13000548100390
13000548100408
13000548100416
13000548100424
13000548100432
13000548100440
13000548100457
13000548100465
13000548100473
13000548100481
13000548100499
13000548100507
13000548100515
13000548100523
13000548100531
13000548100549
13000548100556
13000548100564
13000548100572
13000548100580
13000548100598
13000548100606
13000548100614
13000548100622
13000548100630
13000548100648
13000548100655
13000548100663
13000548100671
13000548100689
13000548100697
13000548100705
13000548100713
13000548100721
13000548100739
13000548100747
13000548100754
13000548100762
13000548100770
13000548100788
13000548100796
13000548100804
13000548100812
13000548100820
13000548100838
13000548100846
13000548100853
13000548100861
13000548100879
13000548100887
13000548100895
13000548100903
13000548100911
13000548100929
13000548100937
13000548100945
13000548100952
13000548100960
13000548100978
13000548100986
13000548100994
13000548101000
13000548101018
13000548101026
13000548101034
13000548101042
13000548101059
13000548101067
13000548101075
13000548101083
13000548101091
13000548101109
13000548101117
13000548101125
13000548101133
13000548101141
13000548101158
13000548101166
13000548101174
13000548101182
13000548101190
13000548101208
13000548101216
13000548101224
13000548101232
13000548101240
13000548101257
13000548101265
13000548101273
13000548101281
13000548101299
13000548101307
13000548101315
13000548101323
13000548101331
13000548101349
13000548101356
13000548101364
13000548101372
13000548101380
13000548101398
13000548101406
13000548101414
13000548101422
13000548101430
13000548101448
13000548101455
13000548101463
13000548101471
13000548101489
13000548101497
13000548101505
13000548101513
13000548101521
13000548101539
13000548101547
13000548101554
13000548101562
13000548101570
13000548101588
13000548101596
13000548101604
13000548101612
13000548101620
13000548101638
13000548101646
13000548101653
13000548101661
13000548101679
13000548101687
13000548101695
13000548101703
13000548101711
13000548101729
13000548101737
13000548101745
13000548101752
13000548101760
13000548101778
13000548101786
13000548101794
13000548101802
13000548101810
13000548101828
13000548101836
13000548101844
13000548101851
13000548101869
13000548101877
13000548101885
13000548101893
13000548101901
13000548101919
13000548101927
13000548101935
13000548101943
13000548101950
13000548101968
13000548101976
13000548101984
13000548101992
13000548102008
13000548102016
13000548102024
13000548102032
13000548102040
13000548102057
13000548102065
13000548102073
13000548102081
13000548102099
13000548102107
13000548102115
13000548102123
13000548102131
13000548102149
13000548102156
13000548102164
13000548102172
13000548102180
13000548102198
13000548102206
13000548102214
13000548102222
13000548102230
13000548102248
13000548102255
13000548102263
13000548102271
13000548102289
13000548102297
13000548102305
13000548102313
13000548102321
13000548102339
13000548102347
13000548102354
13000548102362
13000548102370
13000548102388
13000548102396
13000548102404
13000548102412
13000548102420
13000548102438
13000548102446
13000548102453
13000548102461
13000548102479
13000548102487
13000548102495
13000548102503
13000548102511
13000548102529
13000548102537
13000548102545
13000548102552
13000548102560
13000548102578
13000548102586
13000548102594
13000548102602
13000548102610
13000548102628
13000548102636
13000548102644
13000548102651
13000548102669
13000548102677
13000548102685
13000548102693
13000548102701
13000548102719
13000548102727
13000548102735
13000548102743
13000548102750
13000548102768
13000548102776
13000548102784
13000548102792
13000548102800
13000548102818
13000548102826
13000548102834
13000548102842
13000548102859
13000548102867
13000548102875
13000548102883
13000548102891
13000548102909
13000548102917
13000548102925
13000548102933
13000548102941
13000548102958
13000548102966
13000548102974
13000548102982
13000548102990
13000548103006
13000548103014
13000548103022
13000548103030
13000548103048
13000548103055
13000548103063
13000548103071
13000548103089
13000548103097
13000548103105
13000548103113
13000548103121
13000548103139
13000548103147
13000548103154
13000548103162
13000548103170
13000548103188
13000548103196
13000548103204
13000548103212
13000548103220
13000548103238
13000548103246
13000548103253
13000548103261
13000548103279
13000548103287
13000548103295
13000548103303
13000548103311
13000548103329
13000548103337
13000548103345
13000548103352
13000548103360
13000548103378
13000548103386
13000548103394
13000548103402
13000548103410
13000548103428
13000548103436
13000548103444
13000548103451
13000548103469
13000548103477
13000548103485
13000548103493
13000548103501
13000548103519
13000548103527
13000548103535
13000548103543
13000548103550
13000548103568
13000548103576
13000548103584
13000548103592
13000548103600
13000548103618
13000548103626
13000548103634
13000548103642
13000548103659
13000548103667
13000548103675
13000548103683
13000548103691
13000548103709
13000548103717
13000548103725
13000548103733
13000548103741
13000548103758
13000548103766
13000548103774
13000548103782
13000548103790
13000548103808
13000548103816
13000548103824
13000548103832
13000548103840
13000548103857
13000548103865
13000548103873
13000548103881
13000548103899
13000548103907
13000548103915
13000548103923
13000548103931
13000548103949
13000548103956
13000548103964
13000548103972
13000548103980
13000548103998
13000548104004
13000548104012
13000548104020
13000548104038
13000548104046
13000548104053
13000548104061
13000548104079
13000548104087
13000548104095
13000548104103
13000548104111
13000548104129
13000548104137
13000548104145
13000548104152
13000548104160
13000548104178
13000548104186
13000548104194
13000548104202
13000548104210
13000548104228
13000548104236
13000548104244
13000548104251
13000548104269
13000548104277
13000548104285
13000548104293
13000548104301
13000548104319
13000548104327
13000548104335
13000548104343
13000548104350
13000548104368
13000548104376
13000548104384
13000548104392
13000548104400
13000548104418
13000548104426
13000548104434
13000548104442
13000548104459
13000548104467
13000548104475
13000548104483
13000548104491
13000548104509
13000548104517
13000548104525
13000548104533
13000548104541
13000548104558
13000548104566
13000548104574
13000548104582
13000548104590
13000548104608
13000548104616
13000548104624
13000548104632
13000548104640
13000548104657
13000548104665
13000548104673
13000548104681
13000548104699
13000548104707
13000548104715
13000548104723
13000548104731
13000548104749
50352114800042
13000548104756
13000548104764
13000548104772
13000548104780
13000548104798
13000548104806
13000548104814
13000548104822
13000548104830
13000548104848
13000548104855
13000548104863
13000548104871
13000548104889
13000548104897
13000548104905
13000548104913
13000548104921
13000548104939
13000548104947
13000548104954
13000548104962
13000548104970
13000548104988
13000548104996
13000548105001
13000548105019
13000548105027
13000548105035
13000548105043
13000548105050
13000548105068
13000548105076
13000548105084
13000548105092
13000548105100
13000548105118
13000548105126
13000548105134
13000548105142
13000548105159
13000548105167
13000548105175
13000548105183
13000548105191
13000548105209
13000548105217
13000548105225
13000548105233
13000548105241
13000548105258
13000548105266
13000548105274
13000548105282
13000548105290
13000548105308
13000548105316
13000548105324
13000548105332
13000548105340
13000548105357
13000548105365
13000548105373
13000548105381
13000548105399
13000548105407
13000548105415
13000548105423
13000548105431
13000548105449
13000548105456
13000548105464
13000548105472
13000548105480
13000548105498
13000548105506
13000548105514
13000548105522
13000548105530
13000548105548
13000548105555
13000548105563
13000548105571
13000548105589
13000548105597
13000548105605
13000548105613
13000548105621
13000548105639
13000548105647
13000548105654
13000548105662
13000548105670
13000548105688
13000548105696
13000548105704
13000548105712
13000548105720
13000548105738
13000548105746
13000548105753
13000548105761
13000548105779
13000548105787
13000548105795
13000548105803
13000548105811
13000548105829
13000548105837
13000548105845
13000548105852
13000548105860
13000548105878
13000548105886
13000548105894
13000548105902
13000548105910
13000548105928
13000548105936
13000548105944
13000548105951
13000548105969
13000548105977
13000548105985
13000548105993
13000548106009
13000548106017
13000548106025
13000548106033
13000548106041
13000548106058
13000548106066
13000548106074
13000548106082
13000548106090
13000548106108
13000548106116
13000548106124
13000548106132
13000548106140
13000548106157
13000548106165
13000548106173
13000548106181
13000548106199
13000548106207
13000548106215
13000548106223
13000548106231
13000548106249
13000548106256
13000548106264
13000548106272
13000548106280
13000548106298
13000548106306
13000548106314
13000548106322
13000548106330
13000548106348
13000548106355
13000548106363
13000548106371
13000548106389
13000548106397
13000548106405
13000548106413
13000548106421
13000548106439
13000548106447
13000548106454
13000548106462
13000548106470
13000548106488
13000548106496
13000548106504
13000548106512
13000548106520
13000548106538
13000548106546
13000548106553
13000548106561
13000548106579
13000548106587
13000548106595
13000548106603
13000548106611
13000548106629
13000548106637
13000548106645
13000548106652
13000548106660
13000548106678
13000548106686
13000548106694
13000548106702
13000548106710
13000548106728
13000548106736
13000548106744
13000548106751
13000548106769
13000548106777
13000548106785
13000548106793
13000548106801
13000548106819
13000548106827
13000548106835
13000548106843
13000548106850
13000548106868
13000548106876
13000548106884
13000548106892
13000548106900
13000548106918
13000548106926
13000548106934
13000548106942
13000548106959
13000548106967
13000548106975
13000548106983
13000548106991
13000548107007
13000548107015
13000548107023
13000548107031
13000548107049
13000548107056
13000548107064
13000548107072
13000548107080
13000548107098
13000548107106
13000548107114
13000548107122
13000548107130
13000548107148
13000548107155
13000548107163
13000548107171
13000548107189
13000548107197
13000548107205
13000548107213
13000548107221
13000548107239
13000548107247
13000548107254
13000548107262
13000548107270
13000548107288
13000548107296
13000548107304
13000548107312
13000548107320
13000548107338
13000548107346
13000548107353
13000548107361
13000548107379
13000548107387
13000548107395
13000548107403
13000548107411
13000548107429
13000548107437
13000548107445
13000548107452
13000548107460
13000548107478
13000548107486
13000548107494
13000548107502
13000548107510
13000548107528
13000548107536
13000548107544
13000548107551
13000548107569
13000548107577
13000548107585
13000548107593
13000548107601
13000548107619
13000548107627
13000548107635
13000548107643
13000548107650
13000548107668
13000548107676
13000548107684
13000548107692
13000548107700
13000548107718
13000548107726
13000548107734
13000548107742
13000548107759
13000548107767
13000548107775
13000548107783
13000548107791
13000548107809
13000548107817
13000548107825
13000548107833
13000548107841
13000548107858
13000548107866
13000548107874
13000548107882
13000548107890
13000548107908
13000548107916
13000548107924
13000548107932
13000548107940
13000548107957
13000548107965
13000548107973
13000548107981
13000548107999
13000548108005
13000548108013
13000548108021
13000548108039
13000548108047
13000548108054
13000548108062
13000548108070
13000548108088
13000548108096
13000548108104
13000548108112
13000548108120
13000548108138
13000548108146
13000548108153
13000548108161
13000548108179
13000548108187
13000548108195
13000548108203
13000548108211
13000548108229
13000548108237
13000548108245
13000548108252
13000548108260
13000548108278
13000548108286
13000548108294
13000548108302
13000548108310
13000548108328
13000548108336
13000548108344
13000548108351
13000548108369
13000548108377
13000548108385
13000548108393
13000548108401
13000548108419
13000548108427
13000548108435
13000548108443
13000548108450
13000548108468
13000548108476
13000548108484
13000548108492
13000548108500
13000548108518
13000548108526
13000548108534
13000548108542
13000548108559
13000548108567
13000548108575
13000548108583
13000548108591
13000548108609
13000548108617
13000548108625
13000548108633
13000548108641
13000548108658
13000548108666
13000548108674
13000548108682
13000548108690
13000548108708
13000548108716
13000548108724
13000548108732
13000548108740
13000548108757
13000548108765
13000548108773
13000548108781
13000548108799
13000548108807
13000548108815
13000548108823
13000548108831
13000548108849
13000548108856
13000548108864
13000548108872
13000548108880
13000548108898
13000548108906
13000548108914
13000548108922
13000548108930
13000548108948
13000548108955
13000548108963
13000548108971
13000548108989
13000548108997
13000548109003
13000548109011
13000548109029
13000548109037
13000548109045
13000548109052
13000548109060
13000548109078
13000548109086
13000548109094
13000548109102
13000548109110
13000548109128
13000548109136
13000548109144
13000548109151
13000548109169
13000548109177
13000548109185
13000548109193
13000548109201
13000548109219
13000548109227
13000548109235
13000548109243
13000548109250
13000548109268
13000548109276
13000548109284
13000548109292
13000548109300
13000548109318
13000548109326
13000548109334
13000548109342
13000548109359
13000548109367
13000548109375
13000548109383
13000548109391
13000548109409
13000548109417